t=68240.000000 generate_time:21340.000000 new_p[12]->drone[0] 46900.000000
t=80770.000000 generate_time:63570.000000 new_p[16]->drone[0] 17200.000000
